NM_006315	1	47825.5	47825.5
NM_006315	2	24241.0	656.5
NM_001193389	1	480.0	480.0
NM_001193389	2	4396.0	480.0
NM_001193389	3	8312.0	480.0
NM_001037125	1	35501.0	35501.0
NM_001037125	2	31105.0	26709.0
NM_001037125	3	26709.0	2074.0
NM_018941	1	5310.0	5310.0
NM_001130012	1	8801.0	8801.0
NM_001130012	2	6435.75	4070.5
NM_001130012	3	4070.5	3193.0
NM_001130012	4	4850.0	3193.0
NM_001252073	1	15197.0	15197.0
NM_001252073	2	12831.75	10466.5
NM_001252073	3	10466.5	3203.0
NM_001252073	4	6834.75	766.5
NM_032482	1	4956.5	4956.5
NM_001089	1	863.5	863.5
NM_003091	1	45516.0	45516.0
NM_175839	1	12130.5	12130.5
NM_138440	1	2600.0	2600.0
NM_138440	2	1391.0	182.0
NM_138440	3	2600.0	182.0
NM_145253	1	1821.0	1821.0
NM_001037165	1	1144.0	1144.0
NM_001037165	2	4404.25	1144.0
NM_001037165	3	7664.5	1144.0
NM_001037165	4	14342.25	1144.0
NM_003670	1	1107.5	1107.5
NM_003670	2	24073.0	1107.5
NM_024701	1	46139.5	46139.5
NM_024701	2	26207.75	6276.0
NM_001145443	1	9948.5	9948.5
NM_000129	1	329.5	329.5
NM_004566	1	48048.5	48048.5
NM_001065	1	31845.0	31845.0
NM_001065	2	18988.75	6132.5
NM_001065	3	26806.0	6132.5
NM_001065	4	27705.75	6132.5
NM_001065	5	28605.5	6132.5
NM_001065	6	29832.75	6132.5
NM_001065	7	31060.0	6132.5
NM_153812	1	35482.0	35482.0
NM_003737	1	14157.0	14157.0
NM_003737	2	7501.75	846.5
NM_000064	1	163.0	163.0
NM_001171805	1	28548.5	28548.5
NM_001171806	1	2834.5	2834.5
NM_133491	1	2558.0	2558.0
NM_001005192	1	40805.5	40805.5
NM_025106	1	22977.0	22977.0
NM_005112	1	20996.5	20996.5
NM_003597	1	10765.5	10765.5
NM_003597	2	8982.75	7200.0
NM_003597	3	7200.0	3159.0
NM_003597	4	8982.75	3159.0
NM_003597	5	10765.5	3159.0
NM_001177716	1	11039.5	11039.5
NM_001177716	2	9256.75	7474.0
NM_001177716	3	7474.0	3433.0
NM_001177716	4	9256.75	3433.0
NM_001177716	5	11039.5	3433.0
NM_001177718	1	11455.5	11455.5
NM_001177718	2	9672.75	7890.0
NM_001177718	3	7890.0	3849.0
NM_001177718	4	9672.75	3849.0
NM_001177718	5	11455.5	3849.0
NM_002149	1	48114.5	48114.5
NM_002149	2	36022.75	23931.0
NM_002149	3	28220.0	23931.0
NM_134421	1	48910.5	48910.5
NM_134421	2	36022.75	23135.0
NM_134421	3	27424.0	23135.0
NM_001258357	1	3328.0	3328.0
NM_001258357	2	2144.5	961.0
NM_001258358	1	41843.0	41843.0
NM_001258358	2	39698.5	37554.0
NM_001258358	3	37554.0	28459.0
NM_001258358	4	36786.5	28459.0
NM_001258359	1	41929.0	41929.0
NM_001258359	2	39784.5	37640.0
NM_001258359	3	37640.0	28373.0
NM_001258359	4	36786.5	28373.0
NM_032885	1	8211.0	8211.0
NM_006403	1	44858.0	44858.0
NM_053279	1	8865.5	8865.5
NM_053279	2	13470.75	8865.5
NM_053279	3	18076.0	8865.5
NM_014668	1	35380.5	35380.5
NM_014668	2	19182.0	2983.5
NM_014668	3	5670.0	2983.5
NM_148903	1	41218.5	41218.5
NM_148903	2	25020.0	8821.5
NM_148903	3	8821.5	168.0
NM_002052	1	26637.0	26637.0
NM_033090	1	43989.5	43989.5
NM_033090	2	27791.0	11592.5
NM_033090	3	11592.5	2939.0
NM_058169	1	163.0	163.0
NM_004753	1	46833.0	46833.0
NM_004753	2	45774.5	44716.0
NM_004753	3	44716.0	17349.0
NM_006143	1	22718.5	22718.5
NM_006143	2	25202.75	22718.5
NM_080826	1	25660.0	25660.0
NM_001423	1	17272.0	17272.0
NM_001423	2	12706.5	8141.0
NM_001034850	1	47603.0	47603.0
NM_001034850	2	29558.5	11514.0
NM_030797	1	34972.0	34972.0
NM_015260	1	6002.0	6002.0
NM_005234	1	505.0	505.0
NM_005234	2	1823.5	505.0
NM_005234	3	3142.0	505.0
NM_024050	1	12333.0	12333.0
NM_005354	1	17814.0	17814.0
NM_002911	1	818.5	818.5
NM_001111018	1	18072.0	18072.0
NM_017660	1	23452.5	23452.5
NM_001010887	1	742.0	742.0
NM_001040125	1	6099.5	6099.5
NM_001080480	1	2130.0	2130.0
NM_001785	1	12928.0	12928.0
NM_001785	2	7342.25	1756.5
NM_001785	3	12928.0	1756.5
NM_001785	4	14270.75	1756.5
NM_145109	1	31294.5	31294.5
NM_002756	1	27914.5	27914.5
NM_004914	1	5151.0	5151.0
NM_004914	2	19678.0	5151.0
NM_014238	1	11378.0	11378.0
NM_014238	2	6057.0	736.0
NM_022482	1	29930.0	29930.0
NM_022482	2	18122.5	6315.0
NM_016612	1	25205.5	25205.5
NM_001166271	1	11697.5	11697.5
NM_015550	1	620.0	620.0
NM_015550	2	22983.0	620.0
NM_015550	3	45346.0	620.0
NM_014722	1	39959.5	39959.5
NM_004350	1	33859.5	33859.5
NM_004350	2	28292.0	22724.5
NM_004350	3	22724.5	15780.5
NM_004350	4	28292.0	15780.5
NM_020437	1	13145.5	13145.5
NM_001031680	1	204.5	204.5
NM_001007538	1	28061.5	28061.5
NM_002430	1	40633.5	40633.5
NM_002430	2	31151.5	21669.5
NM_002430	3	21669.5	12480.0
NM_006495	1	13612.5	13612.5
NM_001003927	1	5975.5	5975.5
NM_017877	1	39237.5	39237.5
NM_017877	2	38208.5	37179.5
NM_017877	3	37179.5	19092.0
NM_017877	4	28135.75	5540.5
NM_017877	5	19092.0	5540.5
NM_000418	1	159.5	159.5
NM_001008699	1	138.5	138.5
NM_003047	1	2729.0	2729.0
NM_021076	1	1717.0	1717.0
NM_021076	2	2199.75	1717.0
NM_018660	1	16950.0	16950.0
NM_018660	2	15931.5	14913.0
NM_018660	3	14913.0	4700.0
NM_005253	1	45964.5	45964.5
NM_005253	2	41812.5	37660.5
NM_005253	3	37660.5	33722.0
NM_005253	4	35691.25	31671.5
NM_005253	5	33722.0	20096.5
NM_005253	6	32696.75	5781.0
NM_001257135	1	41037.0	41037.0
NM_001257135	2	37564.25	34091.5
NM_001257135	3	34091.5	17682.0
NM_001257135	4	25886.75	6662.0
NM_001257135	5	17682.0	6662.0
NM_001257135	6	17126.25	6662.0
NM_001257135	7	17682.0	6662.0
NM_001204240	1	43685.5	43685.5
NM_002165	1	45608.5	45608.5
NM_002165	2	41987.25	38366.0
NM_032456	1	1315.0	1315.0
NM_001173523	1	1308.0	1308.0
NM_144975	1	3442.0	3442.0
NM_001256798	1	44750.0	44750.0
NM_001256798	2	43655.75	42561.5
NM_001256798	3	42561.5	4431.0
NM_006762	1	19755.5	19755.5
NM_006762	2	10304.5	853.5
NM_006762	3	853.5	101.5
NM_006762	4	10304.5	101.5
NM_006762	5	19755.5	101.5
NM_006762	6	29986.25	101.5
NM_014654	1	15630.5	15630.5
NM_014654	2	8933.75	2237.0
NM_014654	3	2237.0	971.5
NM_000362	1	39529.0	39529.0
NM_000362	2	21100.75	2672.5
NM_000362	3	32591.5	2672.5
NM_144569	1	17309.0	17309.0
NM_144569	2	16514.5	15720.0
NM_144569	3	15720.0	4330.0
NM_144569	4	16514.5	4330.0
NM_138410	1	28899.5	28899.5
NM_001497	1	3379.0	3379.0
NM_004427	1	35300.0	35300.0
NM_004427	2	17876.75	453.5
NM_198040	1	25241.5	25241.5
NM_015097	1	187.0	187.0
NM_017811	1	2531.0	2531.0
NM_002133	1	28334.5	28334.5
NM_002133	2	25607.25	22880.0
NM_002133	3	22880.0	20779.5
NM_002133	4	21829.75	2236.5
NM_002133	5	22224.0	2236.5
NM_018530	1	10886.0	10886.0
NM_001042471	1	9776.0	9776.0
NM_001171818	1	43486.5	43486.5
NM_014806	1	28103.0	28103.0
NM_021724	1	24917.0	24917.0
NM_021724	2	20752.0	16587.0
NM_021724	3	16587.0	2416.0
NM_021724	4	9591.0	2416.0
NM_021724	5	10957.5	2416.0
NM_021922	1	32913.0	32913.0
NM_001135999	1	20519.0	20519.0
NM_003214	1	11811.0	11811.0
NM_001195200	1	709.0	709.0
NM_001195200	2	6013.5	709.0
NM_000964	1	13140.0	13140.0
NM_001145301	1	4090.0	4090.0
NM_001024809	1	19708.0	19708.0
NM_003995	1	6741.0	6741.0
NM_003995	2	3572.25	403.5
NM_001552	1	5467.0	5467.0
NM_001552	2	11022.75	5467.0
NM_001552	3	16578.5	5467.0
NM_001552	4	23453.25	5467.0
NM_001552	5	30328.0	5467.0
NM_002185	1	26198.0	26198.0
NM_031910	1	8826.5	8826.5
NM_031910	2	27390.25	8826.5
NM_013385	1	48210.0	48210.0
NM_013385	2	36145.0	24080.0
NM_013385	3	41157.0	24080.0
NM_001166343	1	13463.5	13463.5
NM_001166343	2	19798.75	13463.5
NM_001166343	3	26134.0	13463.5
NM_001166343	4	29306.75	13463.5
NM_002405	1	13410.5	13410.5
NM_002405	2	19745.75	13410.5
NM_002405	3	26081.0	13410.5
NM_002405	4	29253.75	13410.5
NM_004613	1	20589.0	20589.0
NM_004613	2	12071.0	3553.0
NM_004613	3	3553.0	3062.0
NM_004613	4	3912.75	3062.0
NM_014550	1	19321.5	19321.5
NM_014550	2	12986.25	6651.0
NM_014550	3	6651.0	305.5
NM_014550	4	6815.0	305.5
NM_014550	5	6979.0	305.5
NM_001160167	1	16593.0	16593.0
NM_152243	1	47911.0	47911.0
NM_152243	2	44738.25	41565.5
NM_152243	3	41565.5	34281.0
NM_152243	4	37923.25	3528.5
NM_152243	5	34281.0	3528.5
NM_001161572	1	20882.5	20882.5
NM_001161572	2	16460.75	12039.0
NM_001161572	3	16544.5	12039.0
NM_001161572	4	18713.5	12039.0
NM_002275	1	40206.0	40206.0
NM_002275	2	23485.5	6765.0
NM_001161573	1	21970.5	21970.5
NM_001161573	2	16460.75	10951.0
NM_001161573	3	15456.5	10951.0
NM_001161573	4	18713.5	10951.0
NM_002276	1	49577.0	49577.0
NM_002276	2	26091.5	2606.0
NM_003246	1	43974.5	43974.5
NM_003246	2	46272.5	43974.5
NM_025069	1	11205.5	11205.5
NM_025069	2	7687.0	4168.5
NM_001002814	1	12923.5	12923.5
NM_001031740	1	14941.0	14941.0
NM_001031740	2	7730.75	520.5
NM_152496	1	16327.0	16327.0
NM_152496	2	9116.75	1906.5
NM_003028	1	44939.0	44939.0
NM_003028	2	37562.5	30186.0
NM_003028	3	30186.0	14877.5
NM_001173463	1	369.5	369.5
NM_005402	1	637.5	637.5
NM_014460	1	3817.5	3817.5
NM_014460	2	4281.25	3817.5
NM_001185099	1	11613.5	11613.5
NM_001185099	2	10844.0	10074.5
NM_001185099	3	10074.5	5151.5
NM_001185099	4	8618.0	5151.5
NM_001185099	5	8685.0	5151.5
NM_003954	1	23662.0	23662.0
NM_003954	2	13679.75	3697.5
NM_001040425	1	28728.5	28728.5
NM_001008239	1	4137.0	4137.0
NM_138370	1	36521.0	36521.0
NM_138370	2	24164.25	11807.5
NM_133329	1	9221.0	9221.0
NM_133329	2	9951.25	9221.0
NM_025225	1	32074.5	32074.5
NM_025225	2	31141.5	30208.5
NM_025225	3	30208.5	1310.0
NM_025225	4	31141.5	1310.0
NM_032404	1	37972.5	37972.5
NM_032404	2	19844.25	1716.0
NM_032404	3	26314.0	1716.0
NM_001256317	1	44914.5	44914.5
NM_001256317	2	25070.25	5226.0
NM_001256317	3	19372.0	5226.0
NM_015052	1	28783.0	28783.0
NM_006516	1	17930.5	17930.5
NM_006516	2	16108.25	14286.0
NM_004823	1	20590.5	20590.5
NM_004823	2	11061.25	1532.0
NM_001025366	1	46413.5	46413.5
NM_001025366	2	37727.0	29040.5
NM_006934	1	26546.0	26546.0
NM_001024845	1	12409.0	12409.0
NM_001024845	2	24495.75	12409.0
NM_015259	1	44482.0	44482.0
NM_015259	2	23757.0	3032.0
NM_015259	3	4269.5	3032.0
NM_015259	4	7551.25	3032.0
NM_003407	1	9480.0	9480.0
NM_007021	1	4834.0	4834.0
NM_007021	2	3301.75	1769.5
NM_007021	3	3726.0	1769.5
NM_058190	1	33734.5	33734.5
NM_025077	1	34762.5	34762.5
NM_025077	2	32365.5	29968.5
NM_025077	3	29968.5	8489.5
NM_025113	1	2593.5	2593.5
NM_001243885	1	25701.0	25701.0
NM_001243885	2	23104.5	20508.0
NM_001243885	3	25701.0	20508.0
NM_001243877	1	27325.0	27325.0
NM_001243877	2	24728.5	22132.0
NM_001243877	3	27325.0	22132.0
NM_000621	1	6682.0	6682.0
NM_005985	1	786.5	786.5
NM_001184825	1	11042.0	11042.0
NM_005194	1	36064.0	36064.0
NM_005194	2	36846.0	36064.0
NM_002827	1	16901.0	16901.0
NM_004567	1	36450.5	36450.5
NM_004567	2	37777.75	36450.5
NM_033199	1	29476.5	29476.5
NM_033199	2	30803.75	29476.5
NM_001012706	1	14709.5	14709.5
NM_001258296	1	9395.0	9395.0
NM_001136021	1	29507.0	29507.0
NM_020998	1	1110.0	1110.0
NM_005178	1	9687.5	9687.5
NM_005178	2	7732.25	5777.0
NM_001005914	1	4840.0	4840.0
NM_001005914	2	3563.5	2287.0
NM_001005914	3	2287.0	1389.0
NM_000124	1	10878.5	10878.5
NM_025134	1	9353.5	9353.5
NM_025134	2	4844.75	336.0
NM_025134	3	9353.5	336.0
NM_025134	4	22722.5	336.0
NM_003647	1	755.5	755.5
NM_003647	2	15432.0	755.5
NM_003488	1	565.5	565.5
NM_003488	2	6161.75	565.5
NM_003488	3	11758.0	565.5
NM_001242903	1	40.5	40.5
NM_001242903	2	5636.75	40.5
NM_001242903	3	11233.0	40.5
NM_001242902	1	16.5	16.5
NM_001242902	2	5596.25	16.5
NM_001242902	3	11176.0	16.5
NM_001160147	1	1086.0	1086.0
NM_006350	1	3236.5	3236.5
NM_006350	2	1804.25	372.0
NM_017949	1	42401.0	42401.0
NM_017949	2	38713.25	35025.5
NM_017949	3	35025.5	23281.0
NM_017949	4	29153.25	12692.5
NM_017949	5	35025.5	12692.5
NM_130851	1	10920.5	10920.5
NM_001202	1	13204.5	13204.5
NM_001005404	1	688.5	688.5
NM_001005404	2	13579.75	688.5
NM_017943	1	613.0	613.0
NM_152231	1	238.0	238.0
NM_001018090	1	315.5	315.5
NM_005967	1	139.5	139.5
NM_005967	2	6810.25	139.5
NM_001145770	1	3046.0	3046.0
NM_001145771	1	5463.0	5463.0
NM_001145774	1	16251.0	16251.0
NM_000785	1	4295.5	4295.5
NM_005371	1	642.5	642.5
NM_015433	1	1110.5	1110.5
NM_001001433	1	28260.5	28260.5
NM_001001433	2	26914.0	25567.5
NM_001001433	3	25567.5	21102.5
NM_002892	1	1055.5	1055.5
NM_002228	1	35823.5	35823.5
NM_001161440	1	2132.5	2132.5
NM_003082	1	3004.0	3004.0
NM_001218	1	7738.0	7738.0
NM_001218	2	4779.5	1821.0
NM_145811	1	11840.0	11840.0
NM_001195059	1	3143.0	3143.0
NM_178169	1	767.5	767.5
NM_001244638	1	114.0	114.0
NM_001244638	2	13971.25	114.0
NM_001244638	3	27828.5	114.0
NM_001029875	1	9091.5	9091.5
NM_000229	1	16591.5	16591.5
NM_000229	2	18799.75	16591.5
NM_000229	3	21008.0	16591.5
NM_000229	4	22057.5	16591.5
NM_000229	5	23107.0	16591.5
NM_001145963	1	3361.5	3361.5
NM_001145963	2	2208.25	1055.0
NM_001145963	3	3154.0	1055.0
NM_001145963	4	3257.75	1055.0
NM_001145963	5	3361.5	1055.0
NM_001145964	1	6174.5	6174.5
NM_001145964	2	3966.25	1758.0
NM_001145964	3	1758.0	341.0
NM_001145964	4	3966.25	341.0
NM_001145964	5	6174.5	341.0
NM_001145961	1	7990.5	7990.5
NM_001145961	2	5782.25	3574.0
NM_001145961	3	3574.0	1475.0
NM_001145961	4	5782.25	1475.0
NM_001145961	5	7990.5	1475.0
NM_015541	1	16851.5	16851.5
NM_020715	1	580.0	580.0
NM_020715	2	1752.25	580.0
NM_020715	3	2924.5	580.0
NM_020715	4	13517.0	580.0
NM_020715	5	24109.5	580.0
NM_012121	1	20409.0	20409.0
NM_138383	1	23739.0	23739.0
NM_138383	2	13116.0	2493.0
NM_138383	3	8215.5	2493.0
NM_138383	4	10496.5	2493.0
NM_138383	5	12777.5	2493.0
NM_001039465	1	32648.0	32648.0
NM_006925	1	32653.0	32653.0
NM_001202513	1	31660.0	31660.0
NM_145911	1	49916.5	49916.5
NM_033141	1	23518.0	23518.0
NM_001099691	1	42656.5	42656.5
NM_033497	1	29329.5	29329.5
NM_033497	2	14742.0	154.5
NM_033497	3	29329.5	154.5
NM_033497	4	37627.25	154.5
NM_033496	1	46008.5	46008.5
NM_033496	2	23039.75	71.0
NM_033496	3	3973.0	71.0
NM_000188	1	49001.5	49001.5
NM_000188	2	25961.75	2922.0
NM_000188	3	2922.0	980.0
NM_001126121	1	206.0	206.0
NM_001146030	1	13515.0	13515.0
NM_001146029	1	13813.0	13813.0
NM_015492	1	9702.5	9702.5
NM_015492	2	18375.0	9702.5
NM_001159772	1	3816.0	3816.0
NM_001159772	2	2892.25	1968.5
NM_001159772	3	3816.0	1968.5
NM_001159772	4	5859.5	1968.5
NM_001159772	5	7903.0	1968.5
NM_004041	1	17941.0	17941.0
NM_004041	2	10045.0	2149.0
NM_004041	3	2149.0	532.5
NM_003655	1	26386.0	26386.0
NM_003655	2	17470.75	8555.5
NM_003655	3	9420.5	8555.5
NM_003655	4	12134.25	8555.5
NM_001135032	1	19437.5	19437.5
NM_032181	1	28193.5	28193.5
NM_014740	1	43865.0	43865.0
NM_014740	2	34447.25	25029.5
NM_001258210	1	9394.5	9394.5
NM_001258210	2	5849.0	2303.5
NM_015516	1	10322.5	10322.5
NM_015516	2	5849.0	1375.5
NM_001031804	1	37855.5	37855.5
NM_020338	1	22395.5	22395.5
NM_153367	1	48118.0	48118.0
NM_153367	2	29752.25	11386.5
NM_004839	1	1278.5	1278.5
NM_004839	2	845.25	412.0
NM_031476	1	9565.5	9565.5
NM_031476	2	14526.75	9565.5
NM_014732	1	7324.0	7324.0
NM_014732	2	4684.0	2044.0
NM_014732	3	7324.0	2044.0
NM_206967	1	1051.0	1051.0
NM_022767	1	9469.5	9469.5
NM_022767	2	14115.5	9469.5
NM_022767	3	18761.5	9469.5
NM_022767	4	23478.5	9469.5
NM_002201	1	8042.5	8042.5
NM_002201	2	4646.0	1249.5
NM_002201	3	8042.5	1249.5
NM_002201	4	9363.0	1249.5
NM_001166693	1	8232.0	8232.0
NM_001166693	2	4128.5	25.0
NM_000135	1	10841.0	10841.0
NM_004827	1	173.0	173.0
NM_033395	1	10900.5	10900.5
NM_023112	1	1848.0	1848.0
NM_023112	2	7441.0	1848.0
NM_000295	1	1945.0	1945.0
NM_001002235	1	69.0	69.0
NM_018039	1	37118.5	37118.5
NM_001145155	1	28092.0	28092.0
NM_021005	1	23138.0	23138.0
NM_001145156	1	21455.0	21455.0
NM_001145157	1	20680.0	20680.0
NM_152592	1	7513.5	7513.5
NM_014899	1	18702.5	18702.5
NM_018407	1	11006.0	11006.0
NM_001166116	1	3557.5	3557.5
NM_003275	1	3098.5	3098.5
NM_014918	1	43652.5	43652.5
NM_032211	1	836.0	836.0
NM_032211	2	802.5	769.0
NM_018421	1	7111.0	7111.0
NM_198461	1	43096.0	43096.0
NM_198461	2	40789.25	38482.5
NM_198461	3	38482.5	30504.0
NM_001400	1	32475.5	32475.5
NM_001400	2	26859.75	21244.0
NM_015156	1	40087.5	40087.5
NM_015156	2	37460.25	34833.0
NM_015156	3	34833.0	33942.5
NM_015156	4	34387.75	1679.0
NM_001031701	1	758.0	758.0
NM_032342	1	581.0	581.0
NM_015316	1	35767.0	35767.0
NM_173194	1	8170.5	8170.5
NM_014591	1	12236.5	12236.5
NM_001039492	1	5176.0	5176.0
NM_001039492	2	7557.25	5176.0
NM_001039492	3	9938.5	5176.0
NM_001039492	4	19768.0	5176.0
NM_001450	1	5070.0	5070.0
NM_001450	2	7451.25	5070.0
NM_001450	3	9832.5	5070.0
NM_001450	4	19662.0	5070.0
NM_201557	1	34479.0	34479.0
NM_201557	2	32097.75	29716.5
NM_201557	3	29716.5	10057.5
NM_201557	4	19887.0	7270.5
NM_001198	1	48789.0	48789.0
NM_182907	1	36247.0	36247.0
NM_001161331	1	7443.0	7443.0
NM_001161331	2	9114.25	7443.0
NM_001161331	3	10785.5	7443.0
NM_001161330	1	22589.0	22589.0
NM_001161330	2	20917.75	19246.5
NM_001161330	3	19246.5	399.0
NM_000757	1	29627.5	29627.5
NM_000757	2	22227.25	14827.0
NM_000757	3	14827.0	8916.0
NM_024959	1	3344.5	3344.5
NM_033340	1	343.5	343.5
NM_001227	1	834.5	834.5
NM_014365	1	30608.0	30608.0
NM_014365	2	19018.75	7429.5
NM_182557	1	2645.5	2645.5
NM_182557	2	5718.75	2645.5
NM_183240	1	33706.0	33706.0
NM_001080825	1	4381.5	4381.5
NM_001080825	2	20359.25	4381.5
NM_019034	1	44600.0	44600.0
NM_019034	2	25727.5	6855.0
NM_019034	3	6855.0	572.5
NM_001040092	1	16382.0	16382.0
NM_001178102	1	22092.5	22092.5
NM_002317	1	20955.5	20955.5
NM_017612	1	34017.5	34017.5
NM_024769	1	49891.5	49891.5
NM_024769	2	37003.0	24114.5
NM_001144913	1	40001.0	40001.0
NM_001144916	1	40292.0	40292.0
NM_001144915	1	42679.0	42679.0
NM_000141	1	44492.0	44492.0
NM_006997	1	10121.0	10121.0
NM_080626	1	1653.5	1653.5
NM_020733	1	1533.0	1533.0
NM_020733	2	4242.5	1533.0
NM_025195	1	25294.0	25294.0
NM_025195	2	18113.25	10932.5
NM_032242	1	41468.5	41468.5
NM_001004298	1	24405.5	24405.5
NM_012098	1	16464.5	16464.5
NM_197956	1	40446.0	40446.0
NM_197956	2	24937.75	9429.5
NM_197956	3	9429.5	4214.0
NM_197956	4	6821.75	2659.5
NM_197956	5	4214.0	561.5
NM_000758	1	902.5	902.5
NM_000758	2	8646.25	902.5
NM_003060	1	9109.5	9109.5
NM_001901	1	2218.5	2218.5
NM_198392	1	2339.0	2339.0
NM_003206	1	2338.0	2338.0
NM_003033	1	19709.0	19709.0
NM_003033	2	10471.25	1233.5
NM_003033	3	19709.0	1233.5
NM_005630	1	9549.0	9549.0
NM_005630	2	29313.25	9549.0
NM_001127387	2	18990.0	17335.0
NM_001127387	2	18990.0	17335.0
NM_016201	1	47236.5	47236.5
NM_016201	2	23621.75	7.0
NM_001964	1	24827.0	24827.0
NM_022121	1	19786.5	19786.5
NM_016463	1	9814.0	9814.0
NM_016463	2	12923.25	9814.0
NM_016463	3	16032.5	9814.0
NM_014957	1	5235.0	5235.0
NM_014957	2	4297.0	3359.0
NM_014957	3	4548.0	3359.0
NM_014957	4	4891.5	3359.0
NM_001080412	1	42823.0	42823.0
NM_001160354	1	22966.5	22966.5
NM_001160354	2	21270.5	19574.5
NM_001160354	3	19574.5	15923.5
NM_001160354	4	17749.0	9247.5
NM_001160354	5	15923.5	148.5
NM_001201325	1	1037.5	1037.5
NM_020205	1	6823.5	6823.5
NM_014945	1	6976.0	6976.0
NM_014945	2	6357.0	5738.0
NM_014945	3	6976.0	5738.0
NM_014945	4	8994.25	5738.0
NM_014945	5	11012.5	5738.0
NM_001166055	1	32067.0	32067.0
NM_001258455	1	20459.5	20459.5
NM_001252385	1	4506.5	4506.5
NM_001258454	1	4502.5	4502.5
NM_001252391	1	1595.5	1595.5
NM_001252390	1	2069.5	2069.5
NM_000565	1	9644.0	9644.0
NM_000565	2	18154.0	9644.0
NM_001005746	1	1223.5	1223.5
NM_000726	1	1581.5	1581.5
NM_004428	1	36573.0	36573.0
NM_001018016	1	1733.5	1733.5
NM_001018016	2	1260.0	786.5
NM_032782	1	8682.0	8682.0
NM_001099287	1	25770.0	25770.0
NM_021181	1	30802.0	30802.0
NM_001197109	1	14789.0	14789.0
NM_004180	1	23945.0	23945.0
NM_001199135	1	472.0	472.0
NM_001256126	1	3299.5	3299.5
NM_001256126	2	1728.5	157.5
NM_005771	1	5022.5	5022.5
NM_199204	1	2776.5	2776.5
NM_001142270	1	2763.5	2763.5
NM_001142271	1	11295.5	11295.5
NM_021192	1	2841.5	2841.5
NM_002148	1	12249.5	12249.5
NM_152663	1	11530.0	11530.0
NM_004443	1	3331.0	3331.0
NM_004443	2	5780.5	3331.0
NM_001134738	1	41169.0	41169.0
NM_001130845	1	42759.0	42759.0
NM_001080513	1	8799.5	8799.5
NM_005017	1	34.5	34.5
NM_005558	1	49160.0	49160.0
NM_015535	1	5093.0	5093.0
NM_001100422	1	4712.0	4712.0
NM_001100423	1	4341.0	4341.0
NM_000537	1	14438.5	14438.5
NM_198447	1	33316.5	33316.5
NM_033102	1	10638.5	10638.5
NM_033102	2	9839.0	9039.5
NM_001185156	1	6384.0	6384.0
NM_025179	1	36639.0	36639.0
NM_001039550	1	25270.5	25270.5
NM_001039550	2	16256.25	7242.0
NM_001039550	3	7242.0	6137.5
NM_001136018	1	2314.0	2314.0
NM_000120	1	12891.0	12891.0
NM_003648	1	26347.0	26347.0
NM_003648	2	27364.0	26347.0
